Authorization Response
[2016-10-01 14:05:00.336342] Terminal 80000001 received message from 127.0.0.1:8005 (online delivery)
1110:
[LLVAR    n            ..19 019] 002       [7077326111111110287]
[Fixed    n               6 006] 003       [000000]
[Fixed    n              12 012] 004       [000000000100]
[Fixed    n               6 006] 011       [012928]
[Fixed    YYMMDDhhmmss   12 012] 012       [161001140500]
[LLVAR    n            ..11 006] 032       [414243]
[Fixed    n               3 003] 039       [000]
[Fixed    ans             8 008] 041       [80000001]
[Fixed    ans            15 015] 042       [811234567890101]
[Fixed    an              3 003] 049       [826]
[LLVAR    b            ..48 016] 053      *[FEDCBA9876543210]
[Fixed    b               8 016] 064      *[0011223344556677]

binary data:
0000(0000)   00 7C 31 31 31 30 70 30  00 01 02 C0 88 01 31 39  .|1110p0......19
0016(0010)   37 30 37 37 33 32 36 31  31 31 31 31 31 31 31 30  7077326111111110
0032(0020)   32 38 37 30 30 30 30 30  30 30 30 30 30 30 30 30  2870000000000000
0048(0030)   30 30 31 30 30 30 31 32  39 32 38 31 36 31 30 30  0010001292816100
0064(0040)   31 31 34 30 35 30 30 30  36 34 31 34 32 34 33 30  1140500064142430
0080(0050)   30 30 38 30 30 30 30 30  30 31 38 31 31 32 33 34  0080000001811234
0096(0060)   35 36 37 38 39 30 31 30  31 38 32 36 30 38 FE DC  56789010182608..
0112(0070)   BA 98 76 54 32 10 00 11  22 33 44 55 66 77        ..vT2..."3DUfw

[2016-10-01 14:05:00.352693] 80000001 trace stopped.


Financial Transaction Response
[2016-10-01 14:08:59.199350] Terminal 80000001 received message from 127.0.0.1:8005 (online delivery)
1210:
[Fixed    n               6 006] 003       [000000]
[Fixed    n              12 012] 004       [000000000100]
[Fixed    n               6 006] 011       [012929]
[Fixed    YYMMDDhhmmss   12 012] 012       [161001140859]
[LLVAR    n            ..11 006] 032       [414243]
[Fixed    n               3 003] 039       [000]
[Fixed    ans             8 008] 041       [80000001]
[Fixed    ans            15 015] 042       [811234567890101]
[Fixed    an              3 003] 049       [826]
[LLVAR    b            ..48 016] 053      *[FEDCBA9876543210]
[Fixed    b               8 016] 064      *[0011223344556677]

binary data:
0000(0000)   00 67 31 32 31 30 30 30  00 01 02 C0 88 01 30 30  .g121000......00
0016(0010)   30 30 30 30 30 30 30 30  30 30 30 30 30 31 30 30  0000000000000100
0032(0020)   30 31 32 39 32 39 31 36  31 30 30 31 31 34 30 38  0129291610011408
0048(0030)   35 39 30 36 34 31 34 32  34 33 30 30 30 38 30 30  5906414243000800
0064(0040)   30 30 30 30 31 38 31 31  32 33 34 35 36 37 38 39  0000181123456789
0080(0050)   30 31 30 31 38 32 36 30  38 FE DC BA 98 76 54 32  010182608....vT2
0096(0060)   10 00 11 22 33 44 55 66  77                       ..."3DUfw

[2016-10-01 14:08:59.216654] 80000001 trace stopped

FINANCIAL TRANSACTION ADVICE RESPONSE
[2016-10-01 14:10:48.322446] Terminal 80000001 received message from 127.0.0.1:8005 (online delivery)
1230:
[Fixed    n               6 006] 003       [000000]
[Fixed    n              12 012] 004       [000000000100]
[Fixed    n               6 006] 011       [012930]
[Fixed    YYMMDDhhmmss   12 012] 012       [161001141048]
[LLVAR    n            ..11 006] 032       [414243]
[Fixed    n               3 003] 039       [000]
[Fixed    ans             8 008] 041       [80000001]
[Fixed    ans            15 015] 042       [811234567890101]
[Fixed    an              3 003] 049       [826]

binary data:
0000(0000)   00 55 31 32 33 30 30 30  00 01 02 C0 80 00 30 30  .U123000......00
0016(0010)   30 30 30 30 30 30 30 30  30 30 30 30 30 31 30 30  0000000000000100
0032(0020)   30 31 32 39 33 30 31 36  31 30 30 31 31 34 31 30  0129301610011410
0048(0030)   34 38 30 36 34 31 34 32  34 33 30 30 30 38 30 30  4806414243000800
0064(0040)   30 30 30 30 31 38 31 31  32 33 34 35 36 37 38 39  0000181123456789
0080(0050)   30 31 30 31 38 32 36                              0101826

[2016-10-01 14:10:48.344271] 80000001 trace stopped.


ACQUIRER REVERSAL ADVICE RESPONSE 
[2016-10-01 14:12:27.309923] Terminal 80000001 received message from 127.0.0.1:8005 (online delivery)
1430:
[LLVAR    n            ..19 016] 002       [4658450030239481]
[Fixed    n               6 006] 003       [000000]
[Fixed    n              12 012] 004       [000000000100]
[Fixed    n               6 006] 011       [012931]
[Fixed    YYMMDDhhmmss   12 012] 012       [161001141227]
[LLVAR    n            ..11 006] 032       [414243]
[Fixed    n               3 003] 039       [000]
[Fixed    ans             8 008] 041       [80000001]
[Fixed    ans            15 015] 042       [811234567890101]
[Fixed    an              3 003] 049       [826]

binary data:
0000(0000)   00 67 31 34 33 30 70 30  00 01 02 C0 80 00 31 36  .g1430p0......16
0016(0010)   34 36 35 38 34 35 30 30  33 30 32 33 39 34 38 31  4658450030239481
0032(0020)   30 30 30 30 30 30 30 30  30 30 30 30 30 30 30 31  0000000000000001
0048(0030)   30 30 30 31 32 39 33 31  31 36 31 30 30 31 31 34  0001293116100114
0064(0040)   31 32 32 37 30 36 34 31  34 32 34 33 30 30 30 38  1227064142430008
0080(0050)   30 30 30 30 30 30 31 38  31 31 32 33 34 35 36 37  0000001811234567
0096(0060)   38 39 30 31 30 31 38 32  36                       890101826

[2016-10-01 14:12:27.325558] 80000001 trace stopped.


